12 0.494568 0.610944 0.030573 0.088130
4 0.848958 0.571759 0.179167 0.230556
0 0.648724 0.272963 0.012969 0.061481
14 0.038138 0.178579 0.029984 0.357157
0 0.850781 0.447685 0.101562 0.373148
12 0.478042 0.534194 0.025615 0.075648
1 0.698940 0.273269 0.090380 0.063648
1 0.878021 0.224398 0.112292 0.069167
12 0.467716 0.482051 0.019828 0.059491
12 0.526846 0.748722 0.045609 0.135722
12 0.460747 0.451782 0.016641 0.052028
10 0.447549 0.194727 0.029266 0.016324
14 0.412240 0.176083 0.018844 0.345704
1 0.550799 0.279611 0.063505 0.063000
14 0.342852 0.138681 0.020557 0.277361
0 0.609992 0.277056 0.011578 0.057741
0 0.603992 0.277144 0.010776 0.054898
10 0.447990 0.159125 0.028573 0.056306
